File ../data/gcp_model_ch4/gcp_ch4/CLM4.5_final.nc (NC_FORMAT_NETCDF4):

     1 variables (excluding dimension variables):
        float CH4_e[lon,lat,time]   (Chunking: [720,360,1])  
            long_name: Monthly grided total CH4 flux
            units: gCH4/month
            _FillValue: -9999
            missing_value: -9999

     3 dimensions:
        lon  Size:720
            standard_name: longitude
            long_name: Longitude
            units: degrees_east
            axis: X
        lat  Size:360
            standard_name: latitude
            long_name: Latitude
            units: degrees_north
            axis: Y
        time  Size:156   *** is unlimited ***
            standard_name: time
            long_name: Time
            units: months since 2000-01-01 00:00:00
            calendar: standard

    4 global attributes:
        CDI: Climate Data Interface version 1.6.9 (http://mpimet.mpg.de/cdi)
        history: Sun Feb 14 12:01:06 2016: cdo div /Users/poulter/BenWork/Research/GCP-CH4/data/CH4-models/model_processing/CLM4.5_tmp3.nc /Users/poulter/BenWork/Research/GCP-CH4/data/CH4-models/model_processing/CLM4.5_tmp_area.nc /Users/poulter/BenWork/Research/GCP-CH4/data/CH4-models/model_processing/CLM4.5_final.nc
Sun Feb 14 12:01:06 2016: cdo gridarea /Users/poulter/BenWork/Research/GCP-CH4/data/CH4-models/model_processing/CLM4.5_tmp3.nc /Users/poulter/BenWork/Research/GCP-CH4/data/CH4-models/model_processing/CLM4.5_tmp_area.nc
Sun Feb 14 12:01:06 2016: cdo invertlat /Users/poulter/BenWork/Research/GCP-CH4/data/CH4-models/model_processing/CLM4.5_tmp2.nc /Users/poulter/BenWork/Research/GCP-CH4/data/CH4-models/model_processing/CLM4.5_tmp3.nc
Sun Feb 14 12:01:05 2016: cdo sellonlatbox,-180,180,-90,90 /Users/poulter/BenWork/Research/GCP-CH4/data/CH4-models/model_processing/CLM4.5_tmp1.nc /Users/poulter/BenWork/Research/GCP-CH4/data/CH4-m[1] "2010-01"
[1] "2010-02"
[1] "2010-03"
[1] "2010-04"
[1] "2010-05"
[1] "2010-06"
[1] "2010-07"
[1] "2010-08"
[1] "2010-09"
[1] "2010-10"
[1] "2010-11"
[1] "2010-12"
[1] "2011-01"
[1] "2011-02"
[1] "2011-03"
[1] "2011-04"
[1] "2011-05"
[1] "2011-06"
[1] "2011-07"
[1] "2011-08"
[1] "2011-09"
[1] "2011-10"
[1] "2011-11"
[1] "2011-12"
[1] "2012-01"
[1] "2012-02"
[1] "2012-03"
[1] "2012-04"
[1] "2012-05"
[1] "2012-06"
[1] "2012-07"
[1] "2012-08"
[1] "2012-09"
[1] "2012-10"
[1] "2012-11"
[1] "2012-12"
[1] FALSE
NULL
    difference_bu_minus_td_tgyr      x    y
1                 -5.687569e-04  -36.5 83.5
2                 -4.847118e-09  -35.5 83.5
3                 -7.246448e-09  -34.5 83.5
4                 -5.689402e-04  -33.5 83.5
5                 -5.280962e-07  -32.5 83.5
6                 -4.354810e-07  -31.5 83.5
7                 -1.326365e-07  -30.5 83.5
8                 -3.469649e-07  -29.5 83.5
9                 -3.625630e-07  -78.5 82.5
10                -1.669643e-07  -70.5 82.5
11                -1.676138e-06  -69.5 82.5
12                -2.206425e-06  -68.5 82.5
13                -2.192995e-06  -64.5 82.5
14                -2.935287e-06  -63.5 82.5
15                -1.800659e-06  -62.5 82.5
16                -1.182709e-07  -50.5 82.5
17                -6.558746e-04  -48.5 82.5
18                -1.202265e-06  -46.5 82.5
19                -1.191241e-06  -45.5 82.5
20                 0.000000e+00  -43.5 82.5
21                 2.220564e-14  -42.5 82.5
22                 1.795484e-09  -41.5 82.5
23                 1.622196e-09  -40.5 82.5
24                -6.558049e-04  -39.5 82.5
25                 2.099029e-11  -38.5 82.5
26                 0.000000e+00  -37.5 82.5
27                 1.026363e-14  -36.5 82.5
28                 6.022696e-15  -35.5 82.5
29                 0.000000e+00  -34.5 82.5
30                 0.000000e+00  -33.5 82.5
31                 0.000000e+00  -32.5 82.5
32                -1.498021e-08  -31.5 82.5
33                -1.313084e-07  -30.5 82.5
34                -2.068382e-07  -29.5 82.5
35                -1.065729e-06  -28.5 82.5
36                -2.336908e-06  -27.5 82.5
37                -3.566968e-06  -26.5 82.5
38                -4.632592e-06  -25.5 82.5
39                -4.801469e-06  -24.5 82.5
40                -3.619041e-06  -23.5 82.5
41                 0.000000e+00  -22.5 82.5
42                 6.680869e-05  -89.5 81.5
43                -8.528045e-07  -88.5 81.5
44                -4.123704e-06  -87.5 81.5
45                -7.178753e-07  -86.5 81.5
46                -4.468994e-06  -85.5 81.5
47                -3.820132e-06  -84.5 81.5
48                 1.510810e-11  -74.5 81.5
49                 1.288339e-11  -73.5 81.5
50                -6.810412e-08  -72.5 81.5
51                -4.411018e-06  -71.5 81.5
52                -7.020381e-06  -70.5 81.5
53                -5.996415e-06  -69.5 81.5
54                -5.341482e-06  -68.5 81.5
55                -1.727771e-06  -67.5 81.5
56                -7.483914e-04  -65.5 81.5
57                -1.281706e-06  -64.5 81.5
58                -7.443707e-04  -60.5 81.5
59                 2.086208e-06  -59.5 81.5
60                -2.051667e-06  -58.5 81.5
61                 3.609506e-07  -57.5 81.5
62                -2.295787e-07  -56.5 81.5
63                -1.430383e-06  -55.5 81.5
64                -4.093944e-06  -54.5 81.5
65                -1.959870e-08  -53.5 81.5
66                 7.399341e-06  -52.5 81.5
67                -1.449170e-06  -51.5 81.5
68                -4.403088e-06  -50.5 81.5
69                -1.523590e-06  -48.5 81.5
70                 1.212810e-10  -47.5 81.5
71                 1.312074e-09  -46.5 81.5
72                -8.937214e-09  -45.5 81.5
73                 6.864951e-15  -35.5 81.5
74                 0.000000e+00  -32.5 81.5
75                 0.000000e+00  -31.5 81.5
76                 0.000000e+00  -30.5 81.5
77                 0.000000e+00  -29.5 81.5
78                -2.843600e-07  -28.5 81.5
79                -9.574233e-06  -25.5 81.5
80                -5.270288e-06  -24.5 81.5
81                -6.303405e-06  -23.5 81.5
82                -1.066501e-05  -22.5 81.5
83                -1.465744e-06  -20.5 81.5
84                -7.446002e-04  -19.5 81.5
85                -4.543263e-08  -17.5 81.5
86                 0.000000e+00  -16.5 81.5
87                 0.000000e+00  -15.5 81.5
88                -1.375552e-09  -14.5 81.5
89                -4.533090e-07  -13.5 81.5
90                -7.426618e-04   57.5 81.5
91                 2.852600e-06  -95.5 80.5
92                 4.043033e-07  -94.5 80.5
93                 4.303964e-05  -92.5 80.5
94                -1.959777e-07  -91.5 80.5
95                -2.972407e-06  -90.5 80.5
96                 5.955139e-06  -89.5 80.5
97                 2.378213e-05  -79.5 80.5
98                -2.669576e-06  -78.5 80.5
99                -5.542655e-06  -69.5 80.5
100               -8.359543e-04  -66.5 80.5
101                1.901021e-05  -65.5 80.5
102               -1.519030e-06  -64.5 80.5
103                1.615148e-06  -63.5 80.5
104                2.238409e-05  -62.5 80.5
105                1.696532e-05  -61.5 80.5
106               -3.006178e-06  -26.5 80.5
107               -4.741299e-06  -25.5 80.5
108               -4.302230e-06  -24.5 80.5
109               -1.020001e-06  -23.5 80.5
110               -3.565276e-06  -22.5 80.5
111               -3.734776e-06  -21.5 80.5
112               -4.567559e-06  -20.5 80.5
113               -8.867021e-07  -19.5 80.5
114               -8.746954e-07  -18.5 80.5
115               -7.689413e-07  -17.5 80.5
116                0.000000e+00  -16.5 80.5
117               -8.292434e-04   47.5 80.5
118                0.000000e+00   48.5 80.5
119                0.000000e+00   49.5 80.5
120               -8.292434e-04   57.5 80.5
121               -8.292434e-04   59.5 80.5
122                0.000000e+00   60.5 80.5
123                0.000000e+00   93.5 80.5
124                0.000000e+00   94.5 80.5
125                0.000000e+00   95.5 80.5
126                0.000000e+00   96.5 80.5
127                5.099618e-06  -95.5 79.5
128                1.263342e-06  -94.5 79.5
129                1.475829e-04  -93.5 79.5
130               -2.779784e-07  -92.5 79.5
131                2.319711e-04  -88.5 79.5
132                1.786774e-04  -87.5 79.5
133                4.410547e-04  -86.5 79.5
134                3.519359e-04  -85.5 79.5
135                4.776464e-04  -84.5 79.5
136                4.361752e-04  -83.5 79.5
137                3.370659e-04  -82.5 79.5
138                3.463082e-04  -81.5 79.5
139                1.529150e-06  -75.5 79.5
140               -2.320210e-06  -74.5 79.5
141                1.993637e-05   11.5 79.5
142                8.284996e-06   12.5 79.5
143                2.764190e-04   14.5 79.5
144                3.601451e-05   16.5 79.5
145               -3.145754e-06   17.5 79.5
146               -7.742549e-04   18.5 79.5
147               -6.959269e-04   20.5 79.5
148                5.954528e-05   21.5 79.5
149               -2.336269e-06   22.5 79.5
150               -1.917677e-07   23.5 79.5
151                0.000000e+00   24.5 79.5
152               -2.571832e-08   25.5 79.5
153                0.000000e+00   93.5 79.5
154               -7.508665e-07   94.5 79.5
155               -1.263305e-06   95.5 79.5
156               -1.207869e-07   96.5 79.5
157                3.033143e-06   97.5 79.5
158                1.167896e-06   98.5 79.5
159                4.513761e-07   99.5 79.5
160               -9.950439e-04 -112.5 78.5
161                3.552185e-06 -111.5 78.5
162                1.045364e-06 -110.5 78.5
163               -2.077561e-06 -109.5 78.5
164               -1.126204e-05 -104.5 78.5
165                5.483617e-05 -102.5 78.5
166                1.144025e-04 -101.5 78.5
167                1.766198e-04 -100.5 78.5
168                1.232736e-04  -97.5 78.5
169                9.366204e-05  -96.5 78.5
170               -2.043191e-06  -95.5 78.5
171                3.696138e-04  -86.5 78.5
172                3.138909e-04  -85.5 78.5
173                2.289148e-04  -84.5 78.5
174                1.932060e-04  -83.5 78.5
175                6.007792e-05  -82.5 78.5
176                8.768835e-06  -81.5 78.5
177               -3.707191e-06  -72.5 78.5
178                2.478723e-04  -71.5 78.5
179                1.686796e-05  -70.5 78.5
180                1.955537e-05  -69.5 78.5
181               -1.772151e-06  -22.5 78.5
182               -2.779882e-06  -21.5 78.5
183               -8.471272e-04   11.5 78.5
184                2.413391e-08   13.5 78.5
185                1.817298e-04   15.5 78.5
186               -7.597951e-04   16.5 78.5
187               -2.190215e-06   17.5 78.5
188               -2.930895e-06   18.5 78.5
189               -8.305340e-04   20.5 78.5
190                1.333132e-04   21.5 78.5
191                1.540759e-06  100.5 78.5
192                2.427725e-05  101.5 78.5
193                2.150823e-04  102.5 78.5
194                8.778807e-05  103.5 78.5
195                6.562382e-05  104.5 78.5
196               -6.688430e-07 -116.5 77.5
197                5.097957e-05 -112.5 77.5
198                1.648166e-05 -111.5 77.5
199                1.980817e-05 -110.5 77.5
200               -9.454757e-06 -105.5 77.5
201                2.336518e-04  -95.5 77.5
202               -2.029820e-06  -94.5 77.5
203               -1.983313e-06  -93.5 77.5
204                1.270451e-04  -90.5 77.5
205                3.088264e-04  -87.5 77.5
206                4.657741e-04  -86.5 77.5
207                3.765134e-05  -82.5 77.5
208                2.313156e-04  -69.5 77.5
209               -1.081570e-03  -66.5 77.5
210               -1.009741e-06  -65.5 77.5
211                9.905243e-05  -21.5 77.5
212                2.487807e-04   14.5 77.5
213                2.487573e-04   15.5 77.5
214               -1.077806e-03   16.5 77.5
215                7.248439e-06   17.5 77.5
216                1.637130e-05   21.5 77.5
217                0.000000e+00   23.5 77.5
218                1.135361e-04  103.5 77.5
219                4.571583e-04  104.5 77.5
220                3.412011e-05  105.5 77.5
221                2.479457e-05 -120.5 76.5
222                4.166422e-05 -119.5 76.5
223                1.604872e-05 -117.5 76.5
224                1.955333e-05 -114.5 76.5
225                1.549481e-05 -109.5 76.5
226               -7.321085e-06 -104.5 76.5
227               -7.798674e-06 -103.5 76.5
228                2.250407e-04 -100.5 76.5
229               -4.074004e-06  -99.5 76.5
230               -6.495066e-06  -98.5 76.5
231                5.125764e-04  -95.5 76.5
232                1.758515e-04  -94.5 76.5
233               -7.991952e-06  -93.5 76.5
234                6.426969e-05  -92.5 76.5
235                3.847019e-05  -88.5 76.5
236                1.947897e-04  -87.5 76.5
237                7.221899e-05  -86.5 76.5
238                1.788842e-04  -85.5 76.5
239                1.065881e-04  -84.5 76.5
240                1.333226e-04  -83.5 76.5
241                6.474905e-05  -82.5 76.5
242                1.351953e-04  -81.5 76.5
243               -1.154377e-03  -68.5 76.5
244                2.282937e-06  -67.5 76.5
245                4.395962e-05  -22.5 76.5
246               -9.722674e-06   65.5 76.5
247               -5.397971e-06   66.5 76.5
248               -1.401845e-05   67.5 76.5
249               -1.511256e-05   68.5 76.5
250                2.207327e-03  102.5 76.5
251                1.042478e-03  103.5 76.5
252                9.713521e-04  104.5 76.5
253                6.785861e-04  105.5 76.5
254                7.070401e-04  106.5 76.5
255                5.791624e-04  107.5 76.5
256                8.051508e-04  108.5 76.5
257                6.532687e-04  109.5 76.5
258                8.253998e-04  110.5 76.5
259                6.022578e-04  111.5 76.5
260                1.383374e-04  112.5 76.5
261                5.609846e-05 -115.5 75.5
262                4.640880e-05 -114.5 75.5
263                4.749301e-05 -113.5 75.5
264                4.293641e-05 -112.5 75.5
265                2.131042e-06 -111.5 75.5
266               -1.118335e-05 -110.5 75.5
267               -6.336731e-07 -109.5 75.5
268                1.467194e-04 -108.5 75.5
269                2.965167e-04 -107.5 75.5
270               -1.266934e-05 -106.5 75.5
271                6.766767e-04  -99.5 75.5
272                1.543973e-04  -98.5 75.5
273               -8.057146e-06  -95.5 75.5
274               -9.745341e-06  -94.5 75.5
275                4.173818e-04  -91.5 75.5
276                3.564569e-04  -90.5 75.5
277                4.985798e-04  -89.5 75.5
278                2.610255e-04  -88.5 75.5
279                3.503051e-05  -85.5 75.5
280                1.808425e-04  -84.5 75.5
281                9.372539e-06  -22.5 75.5
282                3.605568e-04  -20.5 75.5
283                9.515812e-05  -19.5 75.5
284               -1.255548e-03   57.5 75.5
285               -1.806222e-05   58.5 75.5
286                1.309340e-05   59.5 75.5
287                2.589560e-05   60.5 75.5
288               -2.977553e-06   61.5 75.5
289               -2.065903e-05   62.5 75.5
290                2.161219e-04   89.5 75.5
291                8.196480e-04   90.5 75.5
292                1.285169e-03   91.5 75.5
293                9.119849e-04   92.5 75.5
294                4.357537e-04   93.5 75.5
295                8.721152e-04   94.5 75.5
296                1.804456e-03   95.5 75.5
297                1.697846e-03   96.5 75.5
298                9.678877e-04   97.5 75.5
299                1.064733e-03   98.5 75.5
300                1.960880e-03   99.5 75.5
301                1.281712e-03  100.5 75.5
302                8.122023e-04  101.5 75.5
303                4.353567e-04  102.5 75.5
304                3.653712e-04  103.5 75.5
305                3.147610e-04  104.5 75.5
306                2.428580e-04  105.5 75.5
307                4.129277e-04  106.5 75.5
308                4.955325e-04  107.5 75.5
309                3.957454e-04  108.5 75.5
310                2.810257e-04  109.5 75.5
311                6.127162e-04  110.5 75.5
312                1.033284e-03  111.5 75.5
313                2.148188e-03  112.5 75.5
314                1.983592e-03  137.5 75.5
315                3.013412e-03  138.5 75.5
316                3.194686e-03  139.5 75.5
317                4.711935e-03  140.5 75.5
318                6.123548e-03  141.5 75.5
319                2.941862e-03  143.5 75.5
320               -1.860127e-06  144.5 75.5
321               -1.049065e-05  146.5 75.5
322                8.823472e-05 -121.5 74.5
323                9.147313e-05 -113.5 74.5
324                2.340811e-04 -112.5 74.5
325               -1.320755e-03  -97.5 74.5
326                2.541668e-04  -88.5 74.5
327                3.403336e-04  -87.5 74.5
328                3.406636e-04  -86.5 74.5
329                0.000000e+00  -56.5 74.5
330                4.866745e-11  -25.5 74.5
331               -1.558426e-07  -22.5 74.5
332               -1.055914e-03  -21.5 74.5
333                6.334163e-04  -20.5 74.5
 [ reached 'max' / getOption("max.print") -- omitted 14411 rows ]
    difference_bu_minus_td_tgyr      x    y
1                 -5.687569e-04  -36.5 83.5
2                 -4.847118e-09  -35.5 83.5
3                 -7.246448e-09  -34.5 83.5
4                 -5.689402e-04  -33.5 83.5
5                 -5.280962e-07  -32.5 83.5
6                 -4.354810e-07  -31.5 83.5
7                 -1.326365e-07  -30.5 83.5
8                 -3.469649e-07  -29.5 83.5
9                 -3.625630e-07  -78.5 82.5
10                -1.669643e-07  -70.5 82.5
11                -1.676138e-06  -69.5 82.5
12                -2.206425e-06  -68.5 82.5
13                -2.192995e-06  -64.5 82.5
14                -2.935287e-06  -63.5 82.5
15                -1.800659e-06  -62.5 82.5
16                -1.182709e-07  -50.5 82.5
17                -6.558746e-04  -48.5 82.5
18                -1.202265e-06  -46.5 82.5
19                -1.191241e-06  -45.5 82.5
20                 0.000000e+00  -43.5 82.5
21                 2.220564e-14  -42.5 82.5
22                 1.795484e-09  -41.5 82.5
23                 1.622196e-09  -40.5 82.5
24                -6.558049e-04  -39.5 82.5
25                 2.099029e-11  -38.5 82.5
26                 0.000000e+00  -37.5 82.5
27                 1.026363e-14  -36.5 82.5
28                 6.022696e-15  -35.5 82.5
29                 0.000000e+00  -34.5 82.5
30                 0.000000e+00  -33.5 82.5
31                 0.000000e+00  -32.5 82.5
32                -1.498021e-08  -31.5 82.5
33                -1.313084e-07  -30.5 82.5
34                -2.068382e-07  -29.5 82.5
35                -1.065729e-06  -28.5 82.5
36                -2.336908e-06  -27.5 82.5
37                -3.566968e-06  -26.5 82.5
38                -4.632592e-06  -25.5 82.5
39                -4.801469e-06  -24.5 82.5
40                -3.619041e-06  -23.5 82.5
41                 0.000000e+00  -22.5 82.5
42                 6.680869e-05  -89.5 81.5
43                -8.528045e-07  -88.5 81.5
44                -4.123704e-06  -87.5 81.5
45                -7.178753e-07  -86.5 81.5
46                -4.468994e-06  -85.5 81.5
47                -3.820132e-06  -84.5 81.5
48                 1.510810e-11  -74.5 81.5
49                 1.288339e-11  -73.5 81.5
50                -6.810412e-08  -72.5 81.5
51                -4.411018e-06  -71.5 81.5
52                -7.020381e-06  -70.5 81.5
53                -5.996415e-06  -69.5 81.5
54                -5.341482e-06  -68.5 81.5
55                -1.727771e-06  -67.5 81.5
56                -7.483914e-04  -65.5 81.5
57                -1.281706e-06  -64.5 81.5
58                -7.443707e-04  -60.5 81.5
59                 2.086208e-06  -59.5 81.5
60                -2.051667e-06  -58.5 81.5
61                 3.609506e-07  -57.5 81.5
62                -2.295787e-07  -56.5 81.5
63                -1.430383e-06  -55.5 81.5
64                -4.093944e-06  -54.5 81.5
65                -1.959870e-08  -53.5 81.5
66                 7.399341e-06  -52.5 81.5
67                -1.449170e-06  -51.5 81.5
68                -4.403088e-06  -50.5 81.5
69                -1.523590e-06  -48.5 81.5
70                 1.212810e-10  -47.5 81.5
71                 1.312074e-09  -46.5 81.5
72                -8.937214e-09  -45.5 81.5
73                 6.864951e-15  -35.5 81.5
74                 0.000000e+00  -32.5 81.5
75                 0.000000e+00  -31.5 81.5
76                 0.000000e+00  -30.5 81.5
77                 0.000000e+00  -29.5 81.5
78                -2.843600e-07  -28.5 81.5
79                -9.574233e-06  -25.5 81.5
80                -5.270288e-06  -24.5 81.5
81                -6.303405e-06  -23.5 81.5
82                -1.066501e-05  -22.5 81.5
83                -1.465744e-06  -20.5 81.5
84                -7.446002e-04  -19.5 81.5
85                -4.543263e-08  -17.5 81.5
86                 0.000000e+00  -16.5 81.5
87                 0.000000e+00  -15.5 81.5
88                -1.375552e-09  -14.5 81.5
89                -4.533090e-07  -13.5 81.5
90                -7.426618e-04   57.5 81.5
91                 2.852600e-06  -95.5 80.5
92                 4.043033e-07  -94.5 80.5
93                 4.303964e-05  -92.5 80.5
94                -1.959777e-07  -91.5 80.5
95                -2.972407e-06  -90.5 80.5
96                 5.955139e-06  -89.5 80.5
97                 2.378213e-05  -79.5 80.5
98                -2.669576e-06  -78.5 80.5
99                -5.542655e-06  -69.5 80.5
100               -8.359543e-04  -66.5 80.5
101                1.901021e-05  -65.5 80.5
102               -1.519030e-06  -64.5 80.5
103                1.615148e-06  -63.5 80.5
104                2.238409e-05  -62.5 80.5
105                1.696532e-05  -61.5 80.5
106               -3.006178e-06  -26.5 80.5
107               -4.741299e-06  -25.5 80.5
108               -4.302230e-06  -24.5 80.5
109               -1.020001e-06  -23.5 80.5
110               -3.565276e-06  -22.5 80.5
111               -3.734776e-06  -21.5 80.5
112               -4.567559e-06  -20.5 80.5
113               -8.867021e-07  -19.5 80.5
114               -8.746954e-07  -18.5 80.5
115               -7.689413e-07  -17.5 80.5
116                0.000000e+00  -16.5 80.5
117               -8.292434e-04   47.5 80.5
118                0.000000e+00   48.5 80.5
119                0.000000e+00   49.5 80.5
120               -8.292434e-04   57.5 80.5
121               -8.292434e-04   59.5 80.5
122                0.000000e+00   60.5 80.5
123                0.000000e+00   93.5 80.5
124                0.000000e+00   94.5 80.5
125                0.000000e+00   95.5 80.5
126                0.000000e+00   96.5 80.5
127                5.099618e-06  -95.5 79.5
128                1.263342e-06  -94.5 79.5
129                1.475829e-04  -93.5 79.5
130               -2.779784e-07  -92.5 79.5
131                2.319711e-04  -88.5 79.5
132                1.786774e-04  -87.5 79.5
133                4.410547e-04  -86.5 79.5
134                3.519359e-04  -85.5 79.5
135                4.776464e-04  -84.5 79.5
136                4.361752e-04  -83.5 79.5
137                3.370659e-04  -82.5 79.5
138                3.463082e-04  -81.5 79.5
139                1.529150e-06  -75.5 79.5
140               -2.320210e-06  -74.5 79.5
141                1.993637e-05   11.5 79.5
142                8.284996e-06   12.5 79.5
143                2.764190e-04   14.5 79.5
144                3.601451e-05   16.5 79.5
145               -3.145754e-06   17.5 79.5
146               -7.742549e-04   18.5 79.5
147               -6.959269e-04   20.5 79.5
148                5.954528e-05   21.5 79.5
149               -2.336269e-06   22.5 79.5
150               -1.917677e-07   23.5 79.5
151                0.000000e+00   24.5 79.5
152               -2.571832e-08   25.5 79.5
153                0.000000e+00   93.5 79.5
154               -7.508665e-07   94.5 79.5
155               -1.263305e-06   95.5 79.5
156               -1.207869e-07   96.5 79.5
157                3.033143e-06   97.5 79.5
158                1.167896e-06   98.5 79.5
159                4.513761e-07   99.5 79.5
160               -9.950439e-04 -112.5 78.5
161                3.552185e-06 -111.5 78.5
162                1.045364e-06 -110.5 78.5
163               -2.077561e-06 -109.5 78.5
164               -1.126204e-05 -104.5 78.5
165                5.483617e-05 -102.5 78.5
166                1.144025e-04 -101.5 78.5
167                1.766198e-04 -100.5 78.5
168                1.232736e-04  -97.5 78.5
169                9.366204e-05  -96.5 78.5
170               -2.043191e-06  -95.5 78.5
171                3.696138e-04  -86.5 78.5
172                3.138909e-04  -85.5 78.5
173                2.289148e-04  -84.5 78.5
174                1.932060e-04  -83.5 78.5
175                6.007792e-05  -82.5 78.5
176                8.768835e-06  -81.5 78.5
177               -3.707191e-06  -72.5 78.5
178                2.478723e-04  -71.5 78.5
179                1.686796e-05  -70.5 78.5
180                1.955537e-05  -69.5 78.5
181               -1.772151e-06  -22.5 78.5
182               -2.779882e-06  -21.5 78.5
183               -8.471272e-04   11.5 78.5
184                2.413391e-08   13.5 78.5
185                1.817298e-04   15.5 78.5
186               -7.597951e-04   16.5 78.5
187               -2.190215e-06   17.5 78.5
188               -2.930895e-06   18.5 78.5
189               -8.305340e-04   20.5 78.5
190                1.333132e-04   21.5 78.5
191                1.540759e-06  100.5 78.5
192                2.427725e-05  101.5 78.5
193                2.150823e-04  102.5 78.5
194                8.778807e-05  103.5 78.5
195                6.562382e-05  104.5 78.5
196               -6.688430e-07 -116.5 77.5
197                5.097957e-05 -112.5 77.5
198                1.648166e-05 -111.5 77.5
199                1.980817e-05 -110.5 77.5
200               -9.454757e-06 -105.5 77.5
201                2.336518e-04  -95.5 77.5
202               -2.029820e-06  -94.5 77.5
203               -1.983313e-06  -93.5 77.5
204                1.270451e-04  -90.5 77.5
205                3.088264e-04  -87.5 77.5
206                4.657741e-04  -86.5 77.5
207                3.765134e-05  -82.5 77.5
208                2.313156e-04  -69.5 77.5
209               -1.081570e-03  -66.5 77.5
210               -1.009741e-06  -65.5 77.5
211                9.905243e-05  -21.5 77.5
212                2.487807e-04   14.5 77.5
213                2.487573e-04   15.5 77.5
214               -1.077806e-03   16.5 77.5
215                7.248439e-06   17.5 77.5
216                1.637130e-05   21.5 77.5
217                0.000000e+00   23.5 77.5
218                1.135361e-04  103.5 77.5
219                4.571583e-04  104.5 77.5
220                3.412011e-05  105.5 77.5
221                2.479457e-05 -120.5 76.5
222                4.166422e-05 -119.5 76.5
223                1.604872e-05 -117.5 76.5
224                1.955333e-05 -114.5 76.5
225                1.549481e-05 -109.5 76.5
226               -7.321085e-06 -104.5 76.5
227               -7.798674e-06 -103.5 76.5
228                2.250407e-04 -100.5 76.5
229               -4.074004e-06  -99.5 76.5
230               -6.495066e-06  -98.5 76.5
231                5.125764e-04  -95.5 76.5
232                1.758515e-04  -94.5 76.5
233               -7.991952e-06  -93.5 76.5
234                6.426969e-05  -92.5 76.5
235                3.847019e-05  -88.5 76.5
236                1.947897e-04  -87.5 76.5
237                7.221899e-05  -86.5 76.5
238                1.788842e-04  -85.5 76.5
239                1.065881e-04  -84.5 76.5
240                1.333226e-04  -83.5 76.5
241                6.474905e-05  -82.5 76.5
242                1.351953e-04  -81.5 76.5
243               -1.154377e-03  -68.5 76.5
244                2.282937e-06  -67.5 76.5
245                4.395962e-05  -22.5 76.5
246               -9.722674e-06   65.5 76.5
247               -5.397971e-06   66.5 76.5
248               -1.401845e-05   67.5 76.5
249               -1.511256e-05   68.5 76.5
250                2.207327e-03  102.5 76.5
251                1.042478e-03  103.5 76.5
252                9.713521e-04  104.5 76.5
253                6.785861e-04  105.5 76.5
254                7.070401e-04  106.5 76.5
255                5.791624e-04  107.5 76.5
256                8.051508e-04  108.5 76.5
257                6.532687e-04  109.5 76.5
258                8.253998e-04  110.5 76.5
259                6.022578e-04  111.5 76.5
260                1.383374e-04  112.5 76.5
261                5.609846e-05 -115.5 75.5
262                4.640880e-05 -114.5 75.5
263                4.749301e-05 -113.5 75.5
264                4.293641e-05 -112.5 75.5
265                2.131042e-06 -111.5 75.5
266               -1.118335e-05 -110.5 75.5
267               -6.336731e-07 -109.5 75.5
268                1.467194e-04 -108.5 75.5
269                2.965167e-04 -107.5 75.5
270               -1.266934e-05 -106.5 75.5
271                6.766767e-04  -99.5 75.5
272                1.543973e-04  -98.5 75.5
273               -8.057146e-06  -95.5 75.5
274               -9.745341e-06  -94.5 75.5
275                4.173818e-04  -91.5 75.5
276                3.564569e-04  -90.5 75.5
277                4.985798e-04  -89.5 75.5
278                2.610255e-04  -88.5 75.5
279                3.503051e-05  -85.5 75.5
280                1.808425e-04  -84.5 75.5
281                9.372539e-06  -22.5 75.5
282                3.605568e-04  -20.5 75.5
283                9.515812e-05  -19.5 75.5
284               -1.255548e-03   57.5 75.5
285               -1.806222e-05   58.5 75.5
286                1.309340e-05   59.5 75.5
287                2.589560e-05   60.5 75.5
288               -2.977553e-06   61.5 75.5
289               -2.065903e-05   62.5 75.5
290                2.161219e-04   89.5 75.5
291                8.196480e-04   90.5 75.5
292                1.285169e-03   91.5 75.5
293                9.119849e-04   92.5 75.5
294                4.357537e-04   93.5 75.5
295                8.721152e-04   94.5 75.5
296                1.804456e-03   95.5 75.5
297                1.697846e-03   96.5 75.5
298                9.678877e-04   97.5 75.5
299                1.064733e-03   98.5 75.5
300                1.960880e-03   99.5 75.5
301                1.281712e-03  100.5 75.5
302                8.122023e-04  101.5 75.5
303                4.353567e-04  102.5 75.5
304                3.653712e-04  103.5 75.5
305                3.147610e-04  104.5 75.5
306                2.428580e-04  105.5 75.5
307                4.129277e-04  106.5 75.5
308                4.955325e-04  107.5 75.5
309                3.957454e-04  108.5 75.5
310                2.810257e-04  109.5 75.5
311                6.127162e-04  110.5 75.5
312                1.033284e-03  111.5 75.5
313                2.148188e-03  112.5 75.5
314                1.983592e-03  137.5 75.5
315                3.013412e-03  138.5 75.5
316                3.194686e-03  139.5 75.5
317                4.711935e-03  140.5 75.5
318                6.123548e-03  141.5 75.5
319                2.941862e-03  143.5 75.5
320               -1.860127e-06  144.5 75.5
321               -1.049065e-05  146.5 75.5
322                8.823472e-05 -121.5 74.5
323                9.147313e-05 -113.5 74.5
324                2.340811e-04 -112.5 74.5
325               -1.320755e-03  -97.5 74.5
326                2.541668e-04  -88.5 74.5
327                3.403336e-04  -87.5 74.5
328                3.406636e-04  -86.5 74.5
329                0.000000e+00  -56.5 74.5
330                4.866745e-11  -25.5 74.5
331               -1.558426e-07  -22.5 74.5
332               -1.055914e-03  -21.5 74.5
333                6.334163e-04  -20.5 74.5
 [ reached 'max' / getOption("max.print") -- omitted 14411 rows ]
class       : RasterLayer 
dimensions  : 180, 360, 64800  (nrow, ncol, ncell)
resolution  : 1, 1  (x, y)
extent      : -180, 180, -90, 90  (xmin, xmax, ymin, ymax)
coord. ref. : +proj=longlat +datum=WGS84 +no_defs +ellps=WGS84 +towgs84=0,0,0 
data source : C:\Users\efluet\Dropbox\upch4\wetland_BAMS_forSaraKnox\output\results\rasters\difference\difference_bu_minus_td_tgyr.tif 
names       : difference_bu_minus_td_tgyr 
values      : -1.294832, 0.8888778  (min, max)

png 
  3 
png 
  4 
